5 0 0
2 0 0
6 2 0
9 7 0
8 0 0
0 0 1
7 1 6
4 0 0
1 5 0
0 1 0
7 5 0
8 9 9
0 2 5
5 0 0
4 0 0
2 7 0
0 0 2
9 0 0
3 6 0
9 3 6
4 0 0
0 5 0
7 0 0
2 0 3
8 0 0
5 0 4
6 0 0
8 7 2
5 0 5
7 0 0
4 0 8
3 3 0
6 4 7
0 6 0
0 0 0
2 0 0
6 2 0
3 0 0
9 0 0
0 1 0
0 7 5
0 5 0
4 0 0
8 0 1
5 0 8
0 0 8
0 9 0
2 0 0
0 6 0
0 0 6
8 8 0
6 5 2
7 0 0
3 1 0
2 9 0
4 2 2
3 1 5
8 8 1
0 5 0
0 7 0
0 4 9
9 6 6
0 3 0
7 4 0
6 0 0
5 8 7
3 3 0
0 1 9
9 0 0
0 9 4
2 0 0
8 0 0
9 0 0
8 7 0
0 0 6
0 0 7
2 0 2
5 0 4
3 2 5
6 1 0
4 8 1
[EASY, MEDIUM, HARD]