0 4 0
0 6 0
5 0 7
0 0 0
7 7 1
9 2 0
8 1 5
2 9 0
1 0 0
0 9 0
2 3 0
8 0 0
4 4 0
3 6 3
1 0 0
5 2 0
6 0 4
0 0 2
1 0 8
0 0 0
6 2 0
8 9 6
5 0 0
0 1 2
7 4 1
4 5 0
3 0 9
0 0 0
0 0 1
0 9 2
0 2 0
6 4 0
7 7 9
1 0 0
0 6 0
4 0 0
6 0 0
0 0 0
4 7 5
2 6 0
1 5 2
3 0 1
0 9 0
0 0 0
0 4 7
9 6 0
7 8 0
1 0 4
5 1 5
8 9 0
4 0 3
2 0 0
3 7 0
6 2 1
8 1 6
6 4 7
3 0 9
7 7 0
9 0 0
5 0 0
0 0 3
0 3 2
0 0 0
4 7 0
0 9 0
7 3 0
1 5 0
2 8 0
0 4 0
0 6 9
9 0 0
0 0 4
2 0 0
1 0 0
9 8 0
3 3 0
4 0 0
8 6 5
6 7 0
5 0 0
7 0 0
[EASY, MEDIUM, HARD]